,precision,recall,f1-score,support
0,0.9684587813620071,0.9615658362989323,0.9649999999999999,1405.0
1,0.9450410612760581,0.9676584734799483,0.9562160434643656,1546.0
2,0.9138655462184874,0.9018659295093296,0.9078260869565217,1447.0
3,0.9063197026022305,0.8943506969919296,0.9002954209748892,1363.0
4,0.9392049883086516,0.920550038197097,0.929783950617284,1309.0
5,0.889060092449923,0.8904320987654321,0.889745566692367,1296.0
6,0.9423631123919308,0.9575402635431918,0.9498910675381264,1366.0
7,0.9286703601108033,0.9216494845360824,0.9251466022766471,1455.0
8,0.87,0.875629043853343,0.8728054460766751,1391.0
9,0.8948467966573816,0.9036568213783404,0.8992302309307209,1422.0
accuracy,0.9201428571428572,0.9201428571428572,0.9201428571428572,0.9201428571428572
macro avg,0.9197830441377473,0.9194898686553626,0.9195940415527597,14000.0
weighted avg,0.9201544291727084,0.9201428571428572,0.9201054802891317,14000.0
