,precision,recall,f1-score,support
0,0.9684653118430273,0.9718706047819972,0.97016497016497,1422.0
1,0.9776813391196528,0.9843945068664169,0.9810264385692069,1602.0
2,0.9500768049155146,0.9500768049155146,0.9500768049155146,1302.0
3,0.9497591190640055,0.938137321549966,0.9439124487004104,1471.0
4,0.972263868065967,0.9607407407407408,0.966467958271237,1350.0
5,0.9497206703910615,0.9542902967121091,0.9520000000000001,1247.0
6,0.9709219858156029,0.971611071682044,0.9712664065271374,1409.0
7,0.9591968911917098,0.9673416067929458,0.9632520325203252,1531.0
8,0.9419743782969103,0.9398496240601504,0.940910801656003,1330.0
9,0.9461480927449514,0.9468562874251497,0.9465020576131687,1336.0
accuracy,0.9591428571428572,0.9591428571428572,0.9591428571428572,0.9591428571428572
macro avg,0.9586208461448404,0.9585168865527033,0.9585579918937972,14000.0
weighted avg,0.959128288156512,0.9591428571428572,0.9591243744018545,14000.0
